{
    "cameras": [
        {
            "cameraId": 0,
            "intrinsic": {
                "sensorSize_inMilimeters": {
                    "x": 36.0,
                    "y": 24.0
                },
                "x_focalLength_inPixels": 1544.0450439453125,
                "y_focalLength_inPixels": 1158.03369140625,
                "x_principalPoint_inPixels": 960.0,
                "y_principalPoint_inPixels": 540.0,
                "fieldOfView_inDegrees": 50.0,
                "focalLength_inMilimeters": 25.73408317565918,
                "near": 0.009999999776482582,
                "far": 4.0,
                "depth": -1.0,
                "aspect": 0.9261146783828735,
                "unit": "meter",
                "cameraType": 1,
                "clearFlags": 2,
                "depthTextureMode": 0,
                "targetDisplay": 0,
                "orthographic": false
            },
            "extrinsic": {
                "camera_position": {
                    "x": 1.407272219657898,
                    "y": 1.9283599853515626,
                    "z": 1.407272219657898
                },
                "asset_position": {
                    "x": 0.0,
                    "y": 0.47291699051856997,
                    "z": 0.0
                },
                "quaternion_rotation": {
                    "x": -0.1436532735824585,
                    "y": 0.8563156127929688,
                    "z": -0.3468096852302551,
                    "w": -0.3546975553035736
                },
                "eulerAngle_rotation": {
                    "x": 44.096107482910159,
                    "y": 225.0,
                    "z": 0.0000011888124618053553
                },
                "translation_matrix": {
                    "e00": 1.0,
                    "e01": 0.0,
                    "e02": 0.0,
                    "e03": 1.407272219657898,
                    "e10": 0.0,
                    "e11": 1.0,
                    "e12": 0.0,
                    "e13": 1.455443024635315,
                    "e20": 0.0,
                    "e21": 0.0,
                    "e22": 1.0,
                    "e23": 1.407272219657898,
                    "e30": 0.0,
                    "e31": 0.0,
                    "e32": 0.0,
                    "e33": 1.0
                },
                "rotation_matrix": {
                    "e00": -0.7071067690849304,
                    "e01": -0.4920501708984375,
                    "e02": -0.5078254342079163,
                    "e03": 0.0,
                    "e10": 1.4901161193847657e-8,
                    "e11": 0.7181735634803772,
                    "e12": -0.6958640217781067,
                    "e13": 0.0,
                    "e20": 0.7071067690849304,
                    "e21": -0.4920501410961151,
                    "e22": -0.5078253746032715,
                    "e23": 0.0,
                    "e30": 0.0,
                    "e31": 0.0,
                    "e32": 0.0,
                    "e33": 1.0
                },
                "RT_matrix": {
                    "e00": -0.7071068286895752,
                    "e01": -0.4920501708984375,
                    "e02": -0.5078254342079163,
                    "e03": 1.407272219657898,
                    "e10": 1.4901161193847657e-8,
                    "e11": 0.7181735634803772,
                    "e12": -0.6958640217781067,
                    "e13": 1.455443024635315,
                    "e20": 0.7071067690849304,
                    "e21": -0.4920501410961151,
                    "e22": -0.5078253746032715,
                    "e23": 1.407272219657898,
                    "e30": 0.0,
                    "e31": 0.0,
                    "e32": 0.0,
                    "e33": 1.0
                }
            }
        },
        {
            "cameraId": 1,
            "intrinsic": {
                "sensorSize_inMilimeters": {
                    "x": 36.0,
                    "y": 24.0
                },
                "x_focalLength_inPixels": 1544.0450439453125,
                "y_focalLength_inPixels": 1158.03369140625,
                "x_principalPoint_inPixels": 960.0,
                "y_principalPoint_inPixels": 540.0,
                "fieldOfView_inDegrees": 50.0,
                "focalLength_inMilimeters": 25.73408317565918,
                "near": 0.009999999776482582,
                "far": 4.0,
                "depth": -1.0,
                "aspect": 0.9261146783828735,
                "unit": "meter",
                "cameraType": 1,
                "clearFlags": 2,
                "depthTextureMode": 0,
                "targetDisplay": 0,
                "orthographic": false
            },
            "extrinsic": {
                "camera_position": {
                    "x": -8.699368692077769e-8,
                    "y": 1.9283599853515626,
                    "z": 1.9901834726333619
                },
                "asset_position": {
                    "x": 0.0,
                    "y": 0.47291699051856997,
                    "z": 0.0
                },
                "quaternion_rotation": {
                    "x": 8.204279922097158e-9,
                    "y": 0.9268693327903748,
                    "z": -0.3753840923309326,
                    "w": 2.0257374444554445e-8
                },
                "eulerAngle_rotation": {
                    "x": 44.096107482910159,
                    "y": 180.0,
                    "z": 0.0
                },
                "translation_matrix": {
                    "e00": 1.0,
                    "e01": 0.0,
                    "e02": 0.0,
                    "e03": -8.699368692077769e-8,
                    "e10": 0.0,
                    "e11": 1.0,
                    "e12": 0.0,
                    "e13": 1.455443024635315,
                    "e20": 0.0,
                    "e21": 0.0,
                    "e22": 1.0,
                    "e23": 1.9901834726333619,
                    "e30": 0.0,
                    "e31": 0.0,
                    "e32": 0.0,
                    "e33": 1.0
                },
                "rotation_matrix": {
                    "e00": -0.9999999403953552,
                    "e01": 3.041718343865796e-8,
                    "e02": 3.139236426363823e-8,
                    "e03": 0.0,
                    "e10": 0.0,
                    "e11": 0.7181735634803772,
                    "e12": -0.6958640217781067,
                    "e13": 0.0,
                    "e20": -4.371139183945161e-8,
                    "e21": -0.6958640217781067,
                    "e22": -0.7181735038757324,
                    "e23": 0.0,
                    "e30": 0.0,
                    "e31": 0.0,
                    "e32": 0.0,
                    "e33": 1.0
                },
                "RT_matrix": {
                    "e00": -1.0,
                    "e01": 3.041718343865796e-8,
                    "e02": 3.139236426363823e-8,
                    "e03": -8.699368692077769e-8,
                    "e10": 0.0,
                    "e11": 0.7181735634803772,
                    "e12": -0.6958640217781067,
                    "e13": 1.455443024635315,
                    "e20": -4.371139183945161e-8,
                    "e21": -0.6958640217781067,
                    "e22": -0.7181735038757324,
                    "e23": 1.9901834726333619,
                    "e30": 0.0,
                    "e31": 0.0,
                    "e32": 0.0,
                    "e33": 1.0
                }
            }
        },
        {
            "cameraId": 2,
            "intrinsic": {
                "sensorSize_inMilimeters": {
                    "x": 36.0,
                    "y": 24.0
                },
                "x_focalLength_inPixels": 1544.0450439453125,
                "y_focalLength_inPixels": 1158.03369140625,
                "x_principalPoint_inPixels": 960.0,
                "y_principalPoint_inPixels": 540.0,
                "fieldOfView_inDegrees": 50.0,
                "focalLength_inMilimeters": 25.73408317565918,
                "near": 0.009999999776482582,
                "far": 4.0,
                "depth": -1.0,
                "aspect": 0.9261146783828735,
                "unit": "meter",
                "cameraType": 1,
                "clearFlags": 2,
                "depthTextureMode": 0,
                "targetDisplay": 0,
                "orthographic": false
            },
            "extrinsic": {
                "camera_position": {
                    "x": -1.407272219657898,
                    "y": 1.9283599853515626,
                    "z": 1.407272219657898
                },
                "asset_position": {
                    "x": 0.0,
                    "y": 0.47291699051856997,
                    "z": 0.0
                },
                "quaternion_rotation": {
                    "x": 0.1436532735824585,
                    "y": 0.8563156127929688,
                    "z": -0.3468096852302551,
                    "w": 0.3546975553035736
                },
                "eulerAngle_rotation": {
                    "x": 44.096107482910159,
                    "y": 135.0,
                    "z": -0.0000011888124618053553
                },
                "translation_matrix": {
                    "e00": 1.0,
                    "e01": 0.0,
                    "e02": 0.0,
                    "e03": -1.407272219657898,
                    "e10": 0.0,
                    "e11": 1.0,
                    "e12": 0.0,
                    "e13": 1.455443024635315,
                    "e20": 0.0,
                    "e21": 0.0,
                    "e22": 1.0,
                    "e23": 1.407272219657898,
                    "e30": 0.0,
                    "e31": 0.0,
                    "e32": 0.0,
                    "e33": 1.0
                },
                "rotation_matrix": {
                    "e00": -0.7071067690849304,
                    "e01": 0.4920501708984375,
                    "e02": 0.5078254342079163,
                    "e03": 0.0,
                    "e10": -1.4901161193847657e-8,
                    "e11": 0.7181735634803772,
                    "e12": -0.6958640217781067,
                    "e13": 0.0,
                    "e20": -0.7071067690849304,
                    "e21": -0.4920501410961151,
                    "e22": -0.5078253746032715,
                    "e23": 0.0,
                    "e30": 0.0,
                    "e31": 0.0,
                    "e32": 0.0,
                    "e33": 1.0
                },
                "RT_matrix": {
                    "e00": -0.7071068286895752,
                    "e01": 0.4920501708984375,
                    "e02": 0.5078254342079163,
                    "e03": -1.407272219657898,
                    "e10": -1.4901161193847657e-8,
                    "e11": 0.7181735634803772,
                    "e12": -0.6958640217781067,
                    "e13": 1.455443024635315,
                    "e20": -0.7071067690849304,
                    "e21": -0.4920501410961151,
                    "e22": -0.5078253746032715,
                    "e23": 1.407272219657898,
                    "e30": 0.0,
                    "e31": 0.0,
                    "e32": 0.0,
                    "e33": 1.0
                }
            }
        },
        {
            "cameraId": 3,
            "intrinsic": {
                "sensorSize_inMilimeters": {
                    "x": 36.0,
                    "y": 24.0
                },
                "x_focalLength_inPixels": 1544.0450439453125,
                "y_focalLength_inPixels": 1158.03369140625,
                "x_principalPoint_inPixels": 960.0,
                "y_principalPoint_inPixels": 540.0,
                "fieldOfView_inDegrees": 50.0,
                "focalLength_inMilimeters": 25.73408317565918,
                "near": 0.009999999776482582,
                "far": 4.0,
                "depth": -1.0,
                "aspect": 0.9261146783828735,
                "unit": "meter",
                "cameraType": 1,
                "clearFlags": 2,
                "depthTextureMode": 0,
                "targetDisplay": 0,
                "orthographic": false
            },
            "extrinsic": {
                "camera_position": {
                    "x": -1.9901834726333619,
                    "y": 1.9283599853515626,
                    "z": -1.7398737384155539e-7
                },
                "asset_position": {
                    "x": 0.0,
                    "y": 0.47291699051856997,
                    "z": 0.0
                },
                "quaternion_rotation": {
                    "x": 0.26543664932250979,
                    "y": 0.6553955674171448,
                    "z": -0.2654366195201874,
                    "w": 0.6553956270217896
                },
                "eulerAngle_rotation": {
                    "x": 44.096107482910159,
                    "y": 90.0,
                    "z": 0.0
                },
                "translation_matrix": {
                    "e00": 1.0,
                    "e01": 0.0,
                    "e02": 0.0,
                    "e03": -1.9901834726333619,
                    "e10": 0.0,
                    "e11": 1.0,
                    "e12": 0.0,
                    "e13": 1.455443024635315,
                    "e20": 0.0,
                    "e21": 0.0,
                    "e22": 1.0,
                    "e23": -1.7398737384155539e-7,
                    "e30": 0.0,
                    "e31": 0.0,
                    "e32": 0.0,
                    "e33": 1.0
                },
                "rotation_matrix": {
                    "e00": 1.043081283569336e-7,
                    "e01": 0.6958640217781067,
                    "e02": 0.7181735038757324,
                    "e03": 0.0,
                    "e10": 0.0,
                    "e11": 0.7181735634803772,
                    "e12": -0.6958640217781067,
                    "e13": 0.0,
                    "e20": -1.0,
                    "e21": 5.960464477539063e-8,
                    "e22": 7.450580596923828e-8,
                    "e23": 0.0,
                    "e30": 0.0,
                    "e31": 0.0,
                    "e32": 0.0,
                    "e33": 1.0
                },
                "RT_matrix": {
                    "e00": 1.1920928955078126e-7,
                    "e01": 0.6958640217781067,
                    "e02": 0.7181735038757324,
                    "e03": -1.9901834726333619,
                    "e10": 0.0,
                    "e11": 0.7181735634803772,
                    "e12": -0.6958640217781067,
                    "e13": 1.455443024635315,
                    "e20": -1.0,
                    "e21": 5.960464477539063e-8,
                    "e22": 5.960464477539063e-8,
                    "e23": -1.7398737384155539e-7,
                    "e30": 0.0,
                    "e31": 0.0,
                    "e32": 0.0,
                    "e33": 1.0
                }
            }
        },
        {
            "cameraId": 4,
            "intrinsic": {
                "sensorSize_inMilimeters": {
                    "x": 36.0,
                    "y": 24.0
                },
                "x_focalLength_inPixels": 1544.0450439453125,
                "y_focalLength_inPixels": 1158.03369140625,
                "x_principalPoint_inPixels": 960.0,
                "y_principalPoint_inPixels": 540.0,
                "fieldOfView_inDegrees": 50.0,
                "focalLength_inMilimeters": 25.73408317565918,
                "near": 0.009999999776482582,
                "far": 4.0,
                "depth": -1.0,
                "aspect": 0.9261146783828735,
                "unit": "meter",
                "cameraType": 1,
                "clearFlags": 2,
                "depthTextureMode": 0,
                "targetDisplay": 0,
                "orthographic": false
            },
            "extrinsic": {
                "camera_position": {
                    "x": -1.4072723388671876,
                    "y": 1.9283599853515626,
                    "z": -1.4072721004486085
                },
                "asset_position": {
                    "x": 0.0,
                    "y": 0.47291699051856997,
                    "z": 0.0
                },
                "quaternion_rotation": {
                    "x": 0.3468097150325775,
                    "y": 0.354697585105896,
                    "z": -0.14365330338478089,
                    "w": 0.8563156127929688
                },
                "eulerAngle_rotation": {
                    "x": 44.09611511230469,
                    "y": 45.000003814697269,
                    "z": 0.0
                },
                "translation_matrix": {
                    "e00": 1.0,
                    "e01": 0.0,
                    "e02": 0.0,
                    "e03": -1.4072723388671876,
                    "e10": 0.0,
                    "e11": 1.0,
                    "e12": 0.0,
                    "e13": 1.455443024635315,
                    "e20": 0.0,
                    "e21": 0.0,
                    "e22": 1.0,
                    "e23": -1.4072721004486085,
                    "e30": 0.0,
                    "e31": 0.0,
                    "e32": 0.0,
                    "e33": 1.0
                },
                "rotation_matrix": {
                    "e00": 0.7071067094802856,
                    "e01": 0.49205026030540469,
                    "e02": 0.5078254342079163,
                    "e03": 0.0,
                    "e10": 0.0,
                    "e11": 0.7181735038757324,
                    "e12": -0.6958640813827515,
                    "e13": 0.0,
                    "e20": -0.70710688829422,
                    "e21": 0.4920501708984375,
                    "e22": 0.5078253149986267,
                    "e23": 0.0,
                    "e30": 0.0,
                    "e31": 0.0,
                    "e32": 0.0,
                    "e33": 1.0
                },
                "RT_matrix": {
                    "e00": 0.7071067094802856,
                    "e01": 0.49205026030540469,
                    "e02": 0.5078254342079163,
                    "e03": -1.4072723388671876,
                    "e10": 0.0,
                    "e11": 0.7181735038757324,
                    "e12": -0.6958640813827515,
                    "e13": 1.455443024635315,
                    "e20": -0.70710688829422,
                    "e21": 0.4920501708984375,
                    "e22": 0.5078253149986267,
                    "e23": -1.4072721004486085,
                    "e30": 0.0,
                    "e31": 0.0,
                    "e32": 0.0,
                    "e33": 1.0
                }
            }
        },
        {
            "cameraId": 5,
            "intrinsic": {
                "sensorSize_inMilimeters": {
                    "x": 36.0,
                    "y": 24.0
                },
                "x_focalLength_inPixels": 1544.0450439453125,
                "y_focalLength_inPixels": 1158.03369140625,
                "x_principalPoint_inPixels": 960.0,
                "y_principalPoint_inPixels": 540.0,
                "fieldOfView_inDegrees": 50.0,
                "focalLength_inMilimeters": 25.73408317565918,
                "near": 0.009999999776482582,
                "far": 4.0,
                "depth": -1.0,
                "aspect": 0.9261146783828735,
                "unit": "meter",
                "cameraType": 1,
                "clearFlags": 2,
                "depthTextureMode": 0,
                "targetDisplay": 0,
                "orthographic": false
            },
            "extrinsic": {
                "camera_position": {
                    "x": 2.3732701137646474e-8,
                    "y": 1.9283599853515626,
                    "z": -1.9901834726333619
                },
                "asset_position": {
                    "x": 0.0,
                    "y": 0.47291699051856997,
                    "z": 0.0
                },
                "quaternion_rotation": {
                    "x": 0.3753840923309326,
                    "y": -5.526402890865256e-9,
                    "z": 2.238205176752217e-9,
                    "w": 0.9268693327903748
                },
                "eulerAngle_rotation": {
                    "x": 44.096107482910159,
                    "y": -6.832453323113441e-7,
                    "z": 0.0
                },
                "translation_matrix": {
                    "e00": 1.0,
                    "e01": 0.0,
                    "e02": 0.0,
                    "e03": 2.3732701137646474e-8,
                    "e10": 0.0,
                    "e11": 1.0,
                    "e12": 0.0,
                    "e13": 1.455443024635315,
                    "e20": 0.0,
                    "e21": 0.0,
                    "e22": 1.0,
                    "e23": -1.9901834726333619,
                    "e30": 0.0,
                    "e31": 0.0,
                    "e32": 0.0,
                    "e33": 1.0
                },
                "rotation_matrix": {
                    "e00": 1.0,
                    "e01": -8.298094655856403e-9,
                    "e02": -8.56413340244444e-9,
                    "e03": 0.0,
                    "e10": 0.0,
                    "e11": 0.7181735634803772,
                    "e12": -0.6958640217781067,
                    "e13": 0.0,
                    "e20": 1.1924879750324635e-8,
                    "e21": 0.6958640217781067,
                    "e22": 0.7181735634803772,
                    "e23": 0.0,
                    "e30": 0.0,
                    "e31": 0.0,
                    "e32": 0.0,
                    "e33": 1.0
                },
                "RT_matrix": {
                    "e00": 1.0,
                    "e01": -8.298094655856403e-9,
                    "e02": -8.56413340244444e-9,
                    "e03": 2.3732701137646474e-8,
                    "e10": 0.0,
                    "e11": 0.7181735634803772,
                    "e12": -0.6958640217781067,
                    "e13": 1.455443024635315,
                    "e20": 1.1924879750324635e-8,
                    "e21": 0.6958640217781067,
                    "e22": 0.7181735634803772,
                    "e23": -1.9901834726333619,
                    "e30": 0.0,
                    "e31": 0.0,
                    "e32": 0.0,
                    "e33": 1.0
                }
            }
        },
        {
            "cameraId": 6,
            "intrinsic": {
                "sensorSize_inMilimeters": {
                    "x": 36.0,
                    "y": 24.0
                },
                "x_focalLength_inPixels": 1544.0450439453125,
                "y_focalLength_inPixels": 1158.03369140625,
                "x_principalPoint_inPixels": 960.0,
                "y_principalPoint_inPixels": 540.0,
                "fieldOfView_inDegrees": 50.0,
                "focalLength_inMilimeters": 25.73408317565918,
                "near": 0.009999999776482582,
                "far": 4.0,
                "depth": -1.0,
                "aspect": 0.9261146783828735,
                "unit": "meter",
                "cameraType": 1,
                "clearFlags": 2,
                "depthTextureMode": 0,
                "targetDisplay": 0,
                "orthographic": false
            },
            "extrinsic": {
                "camera_position": {
                    "x": 1.4072718620300294,
                    "y": 1.9283599853515626,
                    "z": -1.4072723388671876
                },
                "asset_position": {
                    "x": 0.0,
                    "y": 0.47291699051856997,
                    "z": 0.0
                },
                "quaternion_rotation": {
                    "x": 0.3468097150325775,
                    "y": -0.35469746589660647,
                    "z": 0.1436532437801361,
                    "w": 0.8563156723976135
                },
                "eulerAngle_rotation": {
                    "x": 44.09611511230469,
                    "y": 315.0,
                    "z": -0.0000011888123481185176
                },
                "translation_matrix": {
                    "e00": 1.0,
                    "e01": 0.0,
                    "e02": 0.0,
                    "e03": 1.4072718620300294,
                    "e10": 0.0,
                    "e11": 1.0,
                    "e12": 0.0,
                    "e13": 1.455443024635315,
                    "e20": 0.0,
                    "e21": 0.0,
                    "e22": 1.0,
                    "e23": -1.4072723388671876,
                    "e30": 0.0,
                    "e31": 0.0,
                    "e32": 0.0,
                    "e33": 1.0
                },
                "rotation_matrix": {
                    "e00": 0.70710688829422,
                    "e01": -0.4920501112937927,
                    "e02": -0.5078253149986267,
                    "e03": 0.0,
                    "e10": -1.4901161193847657e-8,
                    "e11": 0.7181735038757324,
                    "e12": -0.6958640813827515,
                    "e13": 0.0,
                    "e20": 0.7071066498756409,
                    "e21": 0.49205029010772707,
                    "e22": 0.5078254342079163,
                    "e23": 0.0,
                    "e30": 0.0,
                    "e31": 0.0,
                    "e32": 0.0,
                    "e33": 1.0
                },
                "RT_matrix": {
                    "e00": 0.70710688829422,
                    "e01": -0.4920501112937927,
                    "e02": -0.5078253149986267,
                    "e03": 1.4072718620300294,
                    "e10": -1.4901161193847657e-8,
                    "e11": 0.7181735038757324,
                    "e12": -0.6958640813827515,
                    "e13": 1.455443024635315,
                    "e20": 0.7071066498756409,
                    "e21": 0.49205029010772707,
                    "e22": 0.5078254342079163,
                    "e23": -1.4072723388671876,
                    "e30": 0.0,
                    "e31": 0.0,
                    "e32": 0.0,
                    "e33": 1.0
                }
            }
        },
        {
            "cameraId": 7,
            "intrinsic": {
                "sensorSize_inMilimeters": {
                    "x": 36.0,
                    "y": 24.0
                },
                "x_focalLength_inPixels": 1544.0450439453125,
                "y_focalLength_inPixels": 1158.03369140625,
                "x_principalPoint_inPixels": 960.0,
                "y_principalPoint_inPixels": 540.0,
                "fieldOfView_inDegrees": 50.0,
                "focalLength_inMilimeters": 25.73408317565918,
                "near": 0.009999999776482582,
                "far": 4.0,
                "depth": -1.0,
                "aspect": 0.9261146783828735,
                "unit": "meter",
                "cameraType": 1,
                "clearFlags": 2,
                "depthTextureMode": 0,
                "targetDisplay": 0,
                "orthographic": false
            },
            "extrinsic": {
                "camera_position": {
                    "x": 1.9901834726333619,
                    "y": 1.9283599853515626,
                    "z": 3.4797474768311078e-7
                },
                "asset_position": {
                    "x": 0.0,
                    "y": 0.47291699051856997,
                    "z": 0.0
                },
                "quaternion_rotation": {
                    "x": 0.2654366195201874,
                    "y": -0.6553956270217896,
                    "z": 0.26543667912483218,
                    "w": 0.6553956270217896
                },
                "eulerAngle_rotation": {
                    "x": 44.09611511230469,
                    "y": 270.0,
                    "z": 0.00000475524939247407
                },
                "translation_matrix": {
                    "e00": 1.0,
                    "e01": 0.0,
                    "e02": 0.0,
                    "e03": 1.9901834726333619,
                    "e10": 0.0,
                    "e11": 1.0,
                    "e12": 0.0,
                    "e13": 1.455443024635315,
                    "e20": 0.0,
                    "e21": 0.0,
                    "e22": 1.0,
                    "e23": 3.4797474768311078e-7,
                    "e30": 0.0,
                    "e31": 0.0,
                    "e32": 0.0,
                    "e33": 1.0
                },
                "rotation_matrix": {
                    "e00": -1.341104507446289e-7,
                    "e01": -0.6958640813827515,
                    "e02": -0.718173623085022,
                    "e03": 0.0,
                    "e10": 5.960464477539063e-8,
                    "e11": 0.7181735038757324,
                    "e12": -0.6958640813827515,
                    "e13": 0.0,
                    "e20": 1.0000001192092896,
                    "e21": -5.960464477539063e-8,
                    "e22": -7.450580596923828e-8,
                    "e23": 0.0,
                    "e30": 0.0,
                    "e31": 0.0,
                    "e32": 0.0,
                    "e33": 1.0
                },
                "RT_matrix": {
                    "e00": -1.1920928955078126e-7,
                    "e01": -0.6958640813827515,
                    "e02": -0.718173623085022,
                    "e03": 1.9901834726333619,
                    "e10": 5.960464477539063e-8,
                    "e11": 0.7181735038757324,
                    "e12": -0.6958640813827515,
                    "e13": 1.455443024635315,
                    "e20": 1.0000001192092896,
                    "e21": -5.960464477539063e-8,
                    "e22": -1.1920928955078126e-7,
                    "e23": 3.4797474768311078e-7,
                    "e30": 0.0,
                    "e31": 0.0,
                    "e32": 0.0,
                    "e33": 1.0
                }
            }
        },
        {
            "cameraId": 8,
            "intrinsic": {
                "sensorSize_inMilimeters": {
                    "x": 36.0,
                    "y": 24.0
                },
                "x_focalLength_inPixels": 1544.0450439453125,
                "y_focalLength_inPixels": 1158.03369140625,
                "x_principalPoint_inPixels": 960.0,
                "y_principalPoint_inPixels": 540.0,
                "fieldOfView_inDegrees": 50.0,
                "focalLength_inMilimeters": 25.73408317565918,
                "near": 0.009999999776482582,
                "far": 4.0,
                "depth": -1.0,
                "aspect": 0.9261146783828735,
                "unit": "meter",
                "cameraType": 1,
                "clearFlags": 2,
                "depthTextureMode": 0,
                "targetDisplay": 0,
                "orthographic": false
            },
            "extrinsic": {
                "camera_position": {
                    "x": 2.7392935752868654,
                    "y": 0.5980799794197083,
                    "z": 1.1067464351654053
                },
                "asset_position": {
                    "x": 0.0,
                    "y": 0.47291699051856997,
                    "z": 0.0
                },
                "quaternion_rotation": {
                    "x": 0.05575275793671608,
                    "y": -0.8249067664146423,
                    "z": 0.0826568603515625,
                    "w": 0.5564066171646118
                },
                "eulerAngle_rotation": {
                    "x": 11.444043159484864,
                    "y": 248.0,
                    "z": -4.355459282123775e-7
                },
                "translation_matrix": {
                    "e00": 1.0,
                    "e01": 0.0,
                    "e02": 0.0,
                    "e03": 2.7392935752868654,
                    "e10": 0.0,
                    "e11": 1.0,
                    "e12": 0.0,
                    "e13": 0.1251629889011383,
                    "e20": 0.0,
                    "e21": 0.0,
                    "e22": 1.0,
                    "e23": 1.1067464351654053,
                    "e30": 0.0,
                    "e31": 0.0,
                    "e32": 0.0,
                    "e33": 1.0
                },
                "rotation_matrix": {
                    "e00": -0.3746066689491272,
                    "e01": -0.18396329879760743,
                    "e02": -0.9087504148483276,
                    "e03": 0.0,
                    "e10": -7.450580596923828e-9,
                    "e11": 0.9801189303398132,
                    "e12": -0.19841080904006959,
                    "e13": 0.0,
                    "e20": 0.9271838665008545,
                    "e21": -0.07432600110769272,
                    "e22": -0.3671590983867645,
                    "e23": 0.0,
                    "e30": 0.0,
                    "e31": 0.0,
                    "e32": 0.0,
                    "e33": 1.0
                },
                "RT_matrix": {
                    "e00": -0.374606728553772,
                    "e01": -0.18396329879760743,
                    "e02": -0.9087504148483276,
                    "e03": 2.7392935752868654,
                    "e10": -7.450580596923828e-9,
                    "e11": 0.9801189303398132,
                    "e12": -0.19841080904006959,
                    "e13": 0.1251629889011383,
                    "e20": 0.9271838665008545,
                    "e21": -0.07432600110769272,
                    "e22": -0.3671591281890869,
                    "e23": 1.1067464351654053,
                    "e30": 0.0,
                    "e31": 0.0,
                    "e32": 0.0,
                    "e33": 1.0
                }
            }
        },
        {
            "cameraId": 9,
            "intrinsic": {
                "sensorSize_inMilimeters": {
                    "x": 36.0,
                    "y": 24.0
                },
                "x_focalLength_inPixels": 1544.0450439453125,
                "y_focalLength_inPixels": 1158.03369140625,
                "x_principalPoint_inPixels": 960.0,
                "y_principalPoint_inPixels": 540.0,
                "fieldOfView_inDegrees": 50.0,
                "focalLength_inMilimeters": 25.73408317565918,
                "near": 0.009999999776482582,
                "far": 4.0,
                "depth": -1.0,
                "aspect": 0.9261146783828735,
                "unit": "meter",
                "cameraType": 1,
                "clearFlags": 2,
                "depthTextureMode": 0,
                "targetDisplay": 0,
                "orthographic": false
            },
            "extrinsic": {
                "camera_position": {
                    "x": 2.1252341270446779,
                    "y": 0.5980799794197083,
                    "z": 2.0523149967193605
                },
                "asset_position": {
                    "x": 0.0,
                    "y": 0.47291699051856997,
                    "z": 0.0
                },
                "quaternion_rotation": {
                    "x": -0.03895674645900726,
                    "y": 0.9159183502197266,
                    "z": -0.09177635610103607,
                    "w": -0.3887841999530792
                },
                "eulerAngle_rotation": {
                    "x": 11.44404411315918,
                    "y": 226.0,
                    "z": -4.355459282123775e-7
                },
                "translation_matrix": {
                    "e00": 1.0,
                    "e01": 0.0,
                    "e02": 0.0,
                    "e03": 2.1252341270446779,
                    "e10": 0.0,
                    "e11": 1.0,
                    "e12": 0.0,
                    "e13": 0.1251629889011383,
                    "e20": 0.0,
                    "e21": 0.0,
                    "e22": 1.0,
                    "e23": 2.0523149967193605,
                    "e30": 0.0,
                    "e31": 0.0,
                    "e32": 0.0,
                    "e33": 1.0
                },
                "rotation_matrix": {
                    "e00": -0.694658637046814,
                    "e01": -0.14272478222846986,
                    "e02": -0.7050385475158691,
                    "e03": 0.0,
                    "e10": -7.450580596923828e-9,
                    "e11": 0.9801189303398132,
                    "e12": -0.19841083884239198,
                    "e13": 0.0,
                    "e20": 0.7193397283554077,
                    "e21": -0.13782775402069093,
                    "e22": -0.6808480620384216,
                    "e23": 0.0,
                    "e30": 0.0,
                    "e31": 0.0,
                    "e32": 0.0,
                    "e33": 1.0
                },
                "RT_matrix": {
                    "e00": -0.694658637046814,
                    "e01": -0.14272478222846986,
                    "e02": -0.7050385475158691,
                    "e03": 2.1252341270446779,
                    "e10": -7.450580596923828e-9,
                    "e11": 0.9801189303398132,
                    "e12": -0.19841083884239198,
                    "e13": 0.1251629889011383,
                    "e20": 0.7193397283554077,
                    "e21": -0.13782775402069093,
                    "e22": -0.6808481216430664,
                    "e23": 2.0523149967193605,
                    "e30": 0.0,
                    "e31": 0.0,
                    "e32": 0.0,
                    "e33": 1.0
                }
            }
        },
        {
            "cameraId": 10,
            "intrinsic": {
                "sensorSize_inMilimeters": {
                    "x": 36.0,
                    "y": 24.0
                },
                "x_focalLength_inPixels": 1544.0450439453125,
                "y_focalLength_inPixels": 1158.03369140625,
                "x_principalPoint_inPixels": 960.0,
                "y_principalPoint_inPixels": 540.0,
                "fieldOfView_inDegrees": 50.0,
                "focalLength_inMilimeters": 25.73408317565918,
                "near": 0.009999999776482582,
                "far": 4.0,
                "depth": -1.0,
                "aspect": 0.9261146783828735,
                "unit": "meter",
                "cameraType": 1,
                "clearFlags": 2,
                "depthTextureMode": 0,
                "targetDisplay": 0,
                "orthographic": false
            },
            "extrinsic": {
                "camera_position": {
                    "x": 1.201672077178955,
                    "y": 0.5980799794197083,
                    "z": 2.6989998817443849
                },
                "asset_position": {
                    "x": 0.0,
                    "y": 0.47291699051856997,
                    "z": 0.0
                },
                "quaternion_rotation": {
                    "x": -0.020729251205921174,
                    "y": 0.9732738137245178,
                    "z": -0.09752345830202103,
                    "w": -0.2068757265806198
                },
                "eulerAngle_rotation": {
                    "x": 11.444043159484864,
                    "y": 204.0,
                    "z": 0.0
                },
                "translation_matrix": {
                    "e00": 1.0,
                    "e01": 0.0,
                    "e02": 0.0,
                    "e03": 1.201672077178955,
                    "e10": 0.0,
                    "e11": 1.0,
                    "e12": 0.0,
                    "e13": 0.1251629889011383,
                    "e20": 0.0,
                    "e21": 0.0,
                    "e22": 1.0,
