{
  "camera_angle_x": 0.5095732148693156,
  "camera_angle_y": 0.5095732148693156,
  "fl_x": 1151.8663107742493,
  "fl_y": 1151.8663107742493,
  "k1": 0.038335714800700006,
  "k2": 0,
  "p1": 0,
  "p2": 0,
  "cx": 300.0,
  "cy": 300.0,
  "w": 600.0,
  "h": 600.0,
  "aabb_scale": 16,
  "frames": [
    {
      "file_path": "./images/image_view00.png",
      "sharpness": 457.60285555555555,
      "transform_matrix": [
        [
          0.7337890728354429,
          0.3987203606896577,
          -0.5500687871592008,
          -1.9363705184852382
        ],
        [
          -0.6789639681594608,
          0.4021510546948103,
          -0.6142332286265887,
          -2.1629281807308076
        ],
        [
          -0.023696551554798637,
          0.824194517828898,
          0.565810807844122,
          1.9923843193992061
        ],
        [
          0.0,
          0.0,
          0.0,
          1.0
        ]
      ]
    },
    {
      "file_path": "./images/image_view01.png",
      "sharpness": 268.4176111111111,
      "transform_matrix": [
        [
          0.9992875381902433,
          -0.02062083225023811,
          0.03161008293209946,
          0.111637551830556
        ],
        [
          0.03773837890111892,
          0.556599395199087,
          -0.8299234470853073,
          -2.922534263668076
        ],
        [
          -0.00048044085931396406,
          0.830525071611025,
          0.5569810361673899,
          1.9617226651285944
        ],
        [
          0.0,
          0.0,
          0.0,
          1.0
        ]
      ]
    },
    {
      "file_path": "./images/image_view02.png",
      "sharpness": 464.2923944444444,
      "transform_matrix": [
        [
          0.680007277692574,
          -0.42661675308059727,
          0.5963122070896143,
          2.098192344318196
        ],
        [
          0.7328593861805083,
          0.37049497916117613,
          -0.5706580328914338,
          -2.008709061101668
        ],
        [
          0.022521598372282733,
          0.8250646134995423,
          0.5645893739751262,
          1.986848982551936
        ],
        [
          0.0,
          0.0,
          0.0,
          1.0
        ]
      ]
    },
    {
      "file_path": "./images/image_view03.png",
      "sharpness": 421.3511166555249,
      "transform_matrix": [
        [
          -0.040107581676517776,
          -0.579051044854871,
          0.8143041627012154,
          2.8692875646719065
        ],
        [
          0.9987034965904958,
          -0.04879967236401327,
          0.014488542891366595,
          0.04974415115567771
        ],
        [
          0.03134817044480103,
          0.8138295149952892,
          0.5802575400460669,
          2.0460929284024556
        ],
        [
          0.0,
          0.0,
          0.0,
          1.0
        ]
      ]
    },
    {
      "file_path": "./images/image_view04.png",
      "sharpness": 334.2629500036961,
      "transform_matrix": [
        [
          -0.7324349501743321,
          -0.3907848790490241,
          0.55751791192548,
          1.9621262417949263
        ],
        [
          0.6802229319988095,
          -0.45479338729555857,
          0.5748562756508863,
          2.0258611227376475
        ],
        [
          0.028910319491731888,
          0.8002812963055633,
          0.5989274081709655,
          2.111863268526197
        ],
        [
          0.0,
          0.0,
          0.0,
          1.0
        ]
      ]
    },
    {
      "file_path": "./images/image_view06.png",
      "sharpness": 321.11872720554777,
      "transform_matrix": [
        [
          -0.6796620456691715,
          0.42869541583039084,
          -0.5952140322361268,
          -2.094820842149311
        ],
        [
          -0.7330959327139922,
          -0.42474625235260804,
          0.5311882665784787,
          1.871376385133018
        ],
        [
          -0.02509695471489387,
          0.79737749002479,
          0.6029587724826807,
          2.1240196531279145
        ],
        [
          0.0,
          0.0,
          0.0,
          1.0
        ]
      ]
    },
    {
      "file_path": "./images/image_view07.png",
      "sharpness": 409.90704161604185,
      "transform_matrix": [
        [
          0.03773697137699592,
          0.5845299701058106,
          -0.8104940685084474,
          -2.8548885185530857
        ],
        [
          -0.9987426852155119,
          -0.00472200050617576,
          -0.04990742870316239,
          -0.17568120882313165
        ],
        [
          -0.03299954120966673,
          0.8113583775418426,
          0.5836168379344764,
          2.056854580060117
        ],
        [
          0.0,
          0.0,
          0.0,
          1.0
        ]
      ]
    },
    {
      "file_path": "./images/image_view08.png",
      "sharpness": 391.09394444444445,
      "transform_matrix": [
        [
          0.41332002256351535,
          0.03249388260863168,
          -0.9100058827222466,
          -3.857402132414208
        ],
        [
          -0.910079315075873,
          -0.018587474134693794,
          -0.41401708428077466,
          -1.7541191464657842
        ],
        [
          -0.030367733342106427,
          0.9992990810794885,
          0.02188943519986902,
          0.09270031115589447
        ],
        [
          0.0,
          0.0,
          0.0,
          1.0
        ]
      ]
    },
    {
      "file_path": "./images/image_view09.png",
      "sharpness": 410.32003333333336,
      "transform_matrix": [
        [
          0.7219172099434884,
          0.0266720047756361,
          -0.6914652169101796,
          -2.9291491248233044
        ],
        [
          -0.691555003942175,
          -0.0071843403808961575,
          -0.722288073953781,
          -3.060353446124924
        ],
        [
          -0.024232592437713103,
          0.9996184219303657,
          0.013258659404699839,
          0.055914144215591384
        ],
        [
          0.0,
          0.0,
          0.0,
          1.0
        ]
      ]
    },
    {
      "file_path": "./images/image_view10.png",
      "sharpness": 323.00846666666666,
      "transform_matrix": [
        [
          0.9283388907425191,
          0.015345816610617388,
          -0.37141810658001995,
          -1.5731478392637177
        ],
        [
          -0.37147008584919083,
          0.0005825629253927739,
          -0.9284447403802047,
          -3.9343161370104287
        ],
        [
          -0.014031368300253701,
          0.999882076337509,
          0.006241327633718724,
          0.025907591939456177
        ],
        [
          0.0,
          0.0,
          0.0,
          1.0
        ]
      ]
    },
    {
      "file_path": "./images/image_view11.png",
      "sharpness": 238.69225555555556,
      "transform_matrix": [
        [
          0.9999960281292192,
          0.0016471052235061691,
          0.0022870981947784035,
          0.010423651112306311
        ],
        [
          0.0022867154248252955,
          0.00023423445311433123,
          -0.9999973580299196,
          -4.2412398696799825
        ],
        [
          -0.0016476365890982837,
          0.9999986161123527,
          0.0002304670618445134,
          0.001910232968903987
        ],
        [
          0.0,
          0.0,
          0.0,
          1.0
        ]
      ]
    },
    {
      "file_path": "./images/image_view12.png",
      "sharpness": 313.7366944444444,
      "transform_matrix": [
        [
          0.9259535553224778,
          -0.012752047107047828,
          0.37742204324631895,
          1.5973136783701962
        ],
        [
          0.37747318579274414,
          0.0017825478693791368,
          -0.9260187992317447,
          -3.920004305635725
        ],
        [
          0.011135862490769529,
          0.9999171004966809,
          0.00646411238406065,
          0.026171123569993137
        ],
        [
          0.0,
          0.0,
          0.0,
          1.0
        ]
      ]
    },
    {
      "file_path": "./images/image_view13.png",
      "sharpness": 398.82379444444445,
      "transform_matrix": [
        [
          0.7172688738321097,
          -0.023272870191894602,
          0.6964077370281235,
          2.9503391870618825
        ],
        [
          0.6964654844365091,
          -0.006857692096651513,
          -0.7175575245565743,
          -3.040688369336149
        ],
        [
          0.02147537295848712,
          0.9997056294830758,
          0.011289941725173324,
          0.047435604578704785
        ],
        [
          0.0,
          0.0,
          0.0,
          1.0
        ]
      ]
    },
    {
      "file_path": "./images/image_view14.png",
      "sharpness": 387.41335555555554,
      "transform_matrix": [
        [
          0.40360580111252076,
          -0.03028489585127558,
          0.9144316171478224,
          3.8753128547066398
        ],
        [
          0.9144609899632646,
          -0.018746347121452747,
          -0.4042396223838536,
          -1.713997290819623
        ],
        [
          0.029384607376738453,
          0.9993654985043647,
          0.020128221393204547,
          0.08506208103217902
        ],
        [
          0.0,
          0.0,
          0.0,
          1.0
        ]
      ]
    },
    {
      "file_path": "./images/image_view15.png",
      "sharpness": 339.99559444444446,
      "transform_matrix": [
        [
          0.03136391835096502,
          -0.035286758771037034,
          0.9988849529996396,
          4.237300485578551
        ],
        [
          0.998984390704958,
          -0.03123857576691165,
          -0.032470579174560185,
          -0.13842603908312628
        ],
        [
          0.03234952478119579,
          0.9988888807507355,
          0.03427115707108343,
          0.14429018810926533
        ],
        [
          0.0,
          0.0,
          0.0,
          1.0
        ]
      ]
    },
    {
      "file_path": "./images/image_view16.png",
      "sharpness": 298.0720166666667,
      "transform_matrix": [
        [
          -0.34641902786785717,
          -0.027985851058391357,
          0.9376623322495206,
          3.9737687130695263
        ],
        [
          0.9375285666207738,
          -0.04459254979154232,
          0.34503868083610384,
          1.4618566757109266
        ],
        [
          0.03215655310722738,
          0.9986131867202358,
          0.04168524257737132,
          0.17694266217328095
        ],
        [
          0.0,
          0.0,
          0.0,
          1.0
        ]
      ]
    },
    {
      "file_path": "./images/image_view17.png",
      "sharpness": 310.97375,
      "transform_matrix": [
        [
          -0.6710015255907014,
          -0.023320157727674578,
          0.7410891464233513,
          3.1427392998489116
        ],
        [
          0.7409564068648978,
          -0.057774179668335354,
          0.6690633357833502,
          2.8380563149631195
        ],
        [
          0.027213154975444166,
          0.9980572701278522,
          0.056045782974624786,
          0.2370918669036874
        ],
        [
          0.0,
          0.0,
          0.0,
          1.0
        ]
      ]
    },
    {
      "file_path": "./images/image_view18.png",
      "sharpness": 232.83896666666666,
      "transform_matrix": [
        [
          -0.8999195373177359,
          -0.009622800399240019,
          0.43594979999340744,
          1.8483453246354806
        ],
        [
          0.4355738768215984,
          -0.0668367172478161,
          0.8976682299481089,
          3.8088265095570955
        ],
        [
          0.0204993713148717,
          0.9977175226424627,
          0.06433910813726852,
          0.2719120387406433
        ],
        [
          0.0,
          0.0,
          0.0,
          1.0
        ]
      ]
    },
    {
      "file_path": "./images/image_view21.png",
      "sharpness": 273.38082777777777,
      "transform_matrix": [
        [
          -0.7643736606714768,
          0.021266734991941445,
          -0.6444227129008194,
          -2.7294086232256376
        ],
        [
          -0.6443862141282899,
          -0.059833633146805454,
          0.7623557853036174,
          3.2311581347671146
        ],
        [
          -0.022345333739551353,
          0.9979817946110461,
          0.05943924404802469,
          0.252623402113259
        ],
        [
          0.0,
          0.0,
          0.0,
          1.0
        ]
      ]
    },
    {
      "file_path": "./images/image_view22.png",
      "sharpness": 304.3590888888889,
      "transform_matrix": [
        [
          -0.4657458540442023,
          0.030442326640801442,
          -0.8843947445780725,
          -3.7522026213585487
        ],
        [
          -0.8843950798360721,
          -0.05038268602353925,
          0.46401177540104765,
          1.9704182449242573
        ],
        [
          -0.030432584705008297,
          0.9982659213584559,
          0.050388571030961775,
          0.21414204010460594
        ],
        [
          0.0,
          0.0,
          0.0,
          1.0
        ]
      ]
    },
    {
      "file_path": "./images/image_view23.png",
      "sharpness": 333.4339,
      "transform_matrix": [
        [
          -0.10479688802213456,
          0.03978527144525484,
          -0.9936975115621897,
          -4.212961458931846
        ],
        [
          -0.9939655341914149,
          -0.036749266368844645,
          0.10335380138611514,
          0.4377319167172756
        ],
        [
          -0.03240569549941146,
          0.9985322346551134,
          0.043396397337584415,
          0.18298939851820437
        ],
        [
          0.0,
          0.0,
          0.0,
          1.0
        ]
      ]
    }
  ]
}